10
3 35
11 10 19
4 826
559 281 278 27
5 572
88 255 570 839 39
10 710
270 72 261 959 487 806 14 3 4 41
10 7331
363 365 987 796 252 587 867 168 72 909
15 1995
478 903 326 39 783 482 176 450 418 872 581 401 225 668 413
15 1336
632 396 206 788 194 799 261 308 18 444 428 656 444 760 653
15 4648
863 128 693 907 58 234 821 954 561 468 971 350 767 438 319
20 9415
349 829 649 196 120 431 159 30 862 971 238 13 693 784 872 382 680 15 352 802
25 8250
775 879 759 949 52 560 450 53 486 702 247 823 615 178 478 232 189 408 837 704 661 458 438 520 475
